952 3
1364
2707 7
4291
8579 20
10121
10449 21
10491
10819 22
5302406
5302734 23
5308344
5308672 24
5308770
5309098 25
5309240
5309574 26
5311009
5313342 33
5313720
5314046 34
5314106
5314430 35
5314812
5315142 36
5315204
5315532 37
5315954
5316284 38
5316352
5316681 39
5316792
5321086 52
5321485
5323803 59
5323870
5325188 63
5325597
5328569 72
21216361
21218017 77
21218762
21221095 84
21221288
21221616 85
21222048
21222378 86
21222447
21224760 93
21228435
21230124 98
21230228
21231211 101
21231280
21232273 104
21232570
