1867 3
2293
3636 7
5193
11503 26
12953
13281 27
14120
25300 60
25348
25678 61
25732
26062 62
26110
26444 63
28303
28631 64
28706
29036 65
29099
29427 66
29475
29805 67
29928
32927 76
33299
33625 77
33684
34008 78
34400
34726 79
34782
35115 80
35244
38888 91
38955
40265 95
40695
43680 104
43739
45067 108
45126
45454 109
45930
49620 120
49814
50144 121
50225
51229 124
51333
54343 133
54404
54735 134
55489
56477 137
56718
57048 138
57126
59485 145
59589
60586 148
60733
61063 149
61126
61461 150
61769
62099 151
62161
