1946 3
2329
3672 7
5181
11491 26
12893
13221 27
17949
27049 54
27117
27448 55
27756
28082 56
28130
28460 57
28509
28839 58
28887
29221 59
31054
31382 60
31442
31770 61
31829
32157 62
32257
32587 63
32650
32978 64
33026
33356 65
33479
37138 76
37520
37846 77
37894
38223 78
38330
42624 91
43015
45348 98
45416
46726 102
47161
48161 105
48265
51267 114
51627
51957 115
52026
54359 122
54427
55766 126
55863
56522 128
57041
58716 133
58765
62450 144
62511
62842 145
63596
64584 148
64825
65155 149
65233
67600 156
68888
70585 161
70689
71686 164
71833
72163 165
72231
72566 166
72874
