1861 3
2287
3630 7
5161
11471 26
12895
13223 27
14062
25242 60
25290
25620 61
25669
25999 62
26047
26381 63
28236
28564 64
28634
28964 65
29027
29355 66
29403
29733 67
29856
32855 76
33231
33557 77
33617
33941 78
34337
34663 79
34720
35053 80
35182
38826 91
38893
40203 95
40634
43619 104
43678
45006 108
45065
45393 109
45871
49561 120
49756
50086 121
50167
51171 124
51275
54285 133
54346
54677 134
55431
56419 137
56662
56992 138
57070
59429 145
59533
60530 148
60679
61009 149
61074
61409 150
61717
62047 151
62109
