1258 3
1675
3018 7
4595
7565 16
7632
9609 22
9732
10385 24
10430
11750 28
13266
13594 29
13636
13964 30
4923174
4923502 31
4929392
4929720 32
4929818
4930146 33
4930288
4930622 34
4931769
4934764 43
4935160
4935486 44
4935534
4935858 34
4936120 45
4936512
4936842 46
4936925
4937253 47
4937641
4937971 48
4938031
4938361 49
4938409
4938739 50
4938787
4941773 59
4942209
4945205 68
4945254
4945578 69
5445050
5445376 70
5445427
5445755 71
5446912
5449902 80
5450346
5453346 89
5453395
5453719 90
5957332
5957658 91
5957709
5958037 92
5959228
5961579 99
5961683
5962670 102
5962747
5963740 105
5964037
