1123 3
1513
2748 7
3903
6630 16
6670
8485 22
8581
9180 24
9198
10410 28
11484
11785 29
11800
12101 30
2947238
2947539 31
2952705
2953006 32
2953050
2953351 33
2953412
2953719 34
2954713
2957465 43
2957753
2958052 44
2958073
2958370 45
2958654
2958957 46
2959013
2959314 47
2959594
2959897 48
2959930
2960233 49
2960254
2960557 50
2960578
2963321 59
2963747
2966500 68
2966522
2966819 69
3277559
3277858 70
3277882
3278183 71
3279137
3281884 80
3282318
3285075 89
3285097
3285394 90
3590262
3590561 91
3590585
3590886 92
3591864
3594026 99
3594076
3594982 102
3595032
3595944 105
3596214
