1267 3
1685
3028 7
4576
8211 18
9652
9976 19
14620
21050 38
21117
23746 46
23794
24124 47
24180
24510 48
24558
24888 49
24951
25286 50
25594
25927 51
26051
26704 53
26749
28065 57
29913
30241 58
30318
30648 59
30711
31039 60
31087
31417 61
31540
35197 72
35605
35935 73
35986
36314 74
36718
37048 75
37120
37444 76
37844
38170 77
38233
41226 86
41275
41599 87
42040
42366 88
42415
42739 89
689786
690116 90
690167
690495 91
691800
694793 100
694842
695166 101
695615
695945 102
695994
696322 103
1364506
1364836 104
1364887
1365215 105
1366532
1368879 112
1368983
1369976 115
1370040
1370375 116
1370683
