1123 3
1513
2748 7
3912
6639 16
6679
8494 22
8590
9189 24
9207
10419 28
11523
11824 29
11839
12140 30
2869980
2870281 31
2875476
2875777 32
2875821
2876122 33
2876183
2876490 34
2877333
2880085 34
2880266 43
2880554
2880853 44
2880874
2881171 45
2881455
2881758 46
2881814
2882115 47
2882395
2882698 48
2882731
2883034 49
2883055
2883358 50
2883379
2886122 59
2886548
2889301 68
2889323
2889620 69
3148489
3148788 70
3148812
3149113 71
3150001
3152748 80
3153182
3155939 89
3155961
3156258 90
3417457
3417756 91
3417780
3418081 92
3418993
3421155 99
3421205
3422111 102
3422161
3423073 105
3423343
