2262 3
2684
4027 7
5816
12126 26
13585
13913 27
14662
24473 56
24521
24847 57
24895
25221 58
25269
25599 59
27339
27663 60
27723
28051 61
28110
28438 62
28538
28868 63
28931
29255 64
29303
29629 65
29752
32747 74
33119
33449 75
33508
33836 76
34212
34538 77
34597
34927 78
35015
35343 79
35759
36089 80
36155
36483 81
36875
37205 82
37261
37591 83
37638
37971 84
38092
41732 95
41799
43109 99
43527
46524 108
46583
47901 112
48325
51991 123
52068
52727 125
53154
56142 134
16067942
16069606 139
16070358
16072059 144
16072163
16073158 147
16073388
16073718 148
16073767
16077451 159
16077512
16077843 160
16078597
16079585 163
16079816
16080146 164
16080224
16082583 171
16082687
16083684 174
16083821
16084151 175
16084210
16084545 176
16084854
16085184 177
16085246
