1646 3
2025
3368 7
4864
11174 26
12563
12891 27
17606
26706 54
26770
27101 55
27410
28396 58
28444
28774 59
28823
29153 60
29201
29535 61
31303
31631 62
31691
32019 63
32078
32406 64
32506
32836 65
32899
33227 66
33275
33605 67
33728
36727 76
37109
37435 77
37492
37816 78
38202
38528 79
38585
38915 80
38996
39324 81
39750
40080 82
40143
40476 83
40575
44877 96
45256
47570 103
47638
48964 107
49351
53033 118
53110
53769 120
54196
57192 129
15555632
15557288 134
15558208
15559909 139
15560013
15561010 142
15561186
15561514 143
15561912
15562242 144
15562311
15565995 155
15566056
15566387 156
15567141
15568129 159
15568366
15568696 160
15568774
15571796 169
15571883
15572542 171
17115548
17118578 180
17118682
17119679 183
17119822
17120152 184
17120216
17120551 185
17120860
