2299 3
2725
4068 7
5618
11928 26
13371
13699 27
14538
25718 60
25766
26096 61
26144
26474 62
26522
26856 63
28712
29040 64
29109
29439 65
29502
29830 66
29878
30208 67
30331
33330 76
33702
34028 77
34087
34411 78
34803
35129 79
35185
35518 80
35647
39291 91
39358
40668 95
41098
44083 104
44142
45470 108
45529
45857 109
46333
50023 120
50217
50547 121
50628
51632 124
51736
54746 133
54807
55138 134
55892
56880 137
57121
57451 138
57529
59888 145
59992
60989 148
61136
61466 149
61529
61864 150
62172
62502 151
62564
