1868 3
2291
3634 7
5184
11494 26
12937
13265 27
14018
25198 60
25246
25576 61
25624
25954 62
26002
26336 63
28127
28455 64
28524
28854 65
28917
29245 66
29293
29623 67
29746
32745 76
33121
33447 77
33507
33831 78
34227
34553 79
34610
34943 80
35069
38713 91
38780
40090 95
40514
43499 104
43558
44886 108
44945
45273 109
45743
49433 120
49628
49958 121
50039
51043 124
51147
54157 133
54218
54549 134
55303
56291 137
56534
56864 138
56942
59301 145
59405
60402 148
60551
60881 149
60946
61281 150
61589
61919 151
61981
