2550 3
2972
4315 7
5873
12183 26
13634
13962 27
14711
24522 56
24570
24896 57
24944
25270 58
25318
25648 59
27462
27786 60
27846
28174 61
28233
28561 62
28661
28991 63
29054
29378 64
29426
29752 65
29875
32870 74
33242
33572 75
33631
33959 76
34335
34661 77
34720
35050 78
35138
35466 79
35882
36212 80
36278
36606 81
36998
37328 82
37384
37714 83
37761
38094 84
38215
41855 95
41922
43232 99
43650
46647 108
46706
48024 112
48448
52114 123
52191
52850 125
53277
56265 134
16108574
16110238 139
16110990
16112691 144
16112795
16113790 147
16114020
16114350 148
16114399
16118083 159
16118144
16118475 160
16119229
16120217 163
16120448
16120778 164
16120856
16123215 171
16123319
16124316 174
16124453
16124783 175
16124842
16125177 176
16125486
16125816 177
16125878
