2262 3
2684
4027 7
5554
11864 26
13284
13612 27
14447
24258 56
24306
24632 57
24680
25006 58
25054
25384 59
27164
27488 60
27548
27876 61
27935
28263 62
28363
28693 63
28756
29080 64
29128
29454 65
29577
32572 74
32944
33274 75
33333
33661 76
34037
34363 77
34422
34752 78
34840
35168 79
35584
35914 80
35980
36308 81
36700
37030 82
37086
37416 83
37463
37796 84
37917
41557 95
41624
42934 99
43352
46349 108
46408
47726 112
48150
51816 123
51893
52552 125
52979
55967 134
16108276
16109940 139
16110692
16112393 144
16112497
16113492 147
16113722
16114052 148
16114101
16117785 159
16117846
16118177 160
16118931
16119919 163
16120150
16120480 164
16120558
16122917 171
16123021
16124018 174
16124155
16124485 175
16124544
16124879 176
16125188
16125518 177
16125580
