1240 3
1652
2995 7
4574
8862 20
10664
10992 21
11034
11362 22
4928872
4929200 23
4935082
4935410 24
4935508
4935836 25
4935978
4936312 26
4938049
4940382 33
4940760
4941086 34
4941146
4941470 35
4941852
4942182 36
4942244
4942574 37
4942665
4942993 38
4943415
4943741 39
4943810
4944134 40
4944534
4944864 41
4944920
4945249 42
4945360
4949650 55
4950049
4952371 62
4952438
4953752 66
4954161
4957141 75
20818135
20819783 80
20820528
20822209 85
20822313
20824646 92
20824837
20825161 93
20825589
20825919 94
20825988
20828963 103
20832523
20834881 110
20834985
20835972 113
20836060
20837057 116
20837354
