1123 3
1513
2748 7
3888
6615 16
6655
8470 22
8566
9165 24
9183
10395 28
11480
11781 29
11796
12097 30
2596421
2596722 31
2605996
2606297 32
2606341
2606642 33
2606703
2607010 34
2607842
2610594 43
2610882
2611181 44
2611202
2611499 34
2611672 45
2611956
2612259 46
2612315
2612616 47
2612896
2613199 48
2613232
2613535 49
2613556
2613859 50
2613879
2616622 59
2617015
2619768 68
2619792
2620089 69
2621192
2621491 70
2621513
2621814 71
3089060
3091807 80
3092208
3094965 89
3094989
3095286 90
3096413
3096712 91
3096734
3097035 92
3563776
3565938 99
3565988
3566894 102
3566936
3567848 105
3568098
