1251 3
1663
3006 7
4585
8873 20
10758
11086 21
11128
11456 22
5020917
5021245 23
5027048
5027376 24
5027474
5027802 25
5027944
5028278 26
5029704
5032037 33
5032415
5032741 34
5032801
5033125 26
5033519 35
5033901
5034231 36
5034293
5034623 37
5034714
5035042 38
5035464
5035790 39
5035859
5036183 40
5036583
5036913 41
5036969
5037298 42
5037409
5041699 55
5042098
5044420 62
5044487
5045801 66
5046210
5049190 75
20883520
20885168 80
20885913
20887594 85
20887698
20890031 92
20890222
20890546 93
20890974
20891304 94
20891373
20894348 103
20898023
20900381 110
20900485
20901472 113
20901568
20902565 116
20902862
