1123 3
1513
2748 7
3922
6649 16
6689
8504 22
8600
9199 24
9217
10429 28
11507
11808 29
11823
12124 30
3122225
3122526 31
3128815
3129116 32
3129160
3129461 33
3129522
3129829 34
3130827
3133579 43
3133867
3134166 44
3134187
3134484 45
3134768
3135071 46
3135127
3135428 47
3135708
3136011 48
3136044
3136347 49
3136368
3136671 50
3136692
3139435 59
3139844
3142597 68
3142619
3142916 69
3495244
3495543 70
3495567
3495868 71
3496814
3499561 80
3499978
3502735 89
3502757
3503054 90
3860185
3860484 91
3860508
3860809 92
3861777
3863939 99
3863989
3864895 102
3864945
3865857 105
3866127
