1872 3
2298
3641 7
5191
11501 26
12944
13272 27
14111
25291 60
25339
25669 61
25740
26070 62
26118
26452 63
28409
28737 64
28829
29159 65
29222
29550 66
29598
29928 67
30051
33050 76
33424
33750 77
33810
34134 78
34526
34852 79
34908
35241 80
35370
39014 91
39081
40391 95
40821
43806 104
43865
45193 108
45246
45574 109
46043
49733 120
49928
50258 121
50339
51343 124
51447
54457 133
54518
54849 134
55603
56591 137
56830
57160 138
57239
59598 145
59702
60699 148
60845
61175 149
61239
61574 150
61882
62212 151
62274
