1848 3
2267
3610 7
5156
11466 26
12905
13233 27
13982
23793 56
23841
24167 57
24215
24541 58
24589
24919 59
26706
27030 60
27090
27418 61
27477
27805 62
27905
28235 63
28298
28622 64
28670
28996 65
29119
32114 74
32490
32820 75
32880
33208 76
33588
33914 77
33975
34305 78
34395
34723 79
35143
35473 80
35541
35869 81
36265
36595 82
36652
36982 83
37029
37362 84
37480
41120 95
41187
42497 99
42909
45906 108
45965
47283 112
47701
51367 123
51444
52103 125
52530
55518 134
15999567
16001231 139
16001982
16003683 144
16003787
16004782 147
16005016
16005346 148
16005395
16009079 159
16009140
16009471 160
16010225
16011213 163
16011452
16011782 164
16011860
16014219 171
16014323
16015320 174
16015465
16015795 175
16015856
16016191 176
16016500
16016830 177
16016892
