1123 3
1513
2748 7
3903
6630 16
6670
8485 22
8581
9180 24
9198
10410 28
11603
11904 29
11919
12220 30
2897964
2898265 31
2903583
2903884 32
2903928
2904229 33
2904290
2904597 34
2905446
2908198 34
2908462 43
2908754
2909053 44
2909073
2909370 45
2909658
2909961 46
2910016
2910317 47
2910601
2910904 48
2910936
2911239 49
2911261
2911564 50
2911585
2914328 59
2914737
2917490 68
2917512
2917809 69
3480011
3480310 70
3480334
3480635 71
3481835
3484582 80
3484999
3487756 89
3487778
3488075 90
4057028
4057327 91
4057351
4057652 92
4058876
4061038 99
4061088
4061994 102
4062052
4062964 105
4063234
