1848 3
2270
3613 7
5140
11450 26
12870
13198 27
14033
23844 56
23892
24218 57
24266
24592 58
24640
24970 59
26748
27072 60
27132
27460 61
27519
27847 62
27947
28277 63
28340
28664 64
28712
29038 65
29161
32156 74
32530
32860 75
32920
33248 76
33626
33952 77
34012
34342 78
34431
34759 79
35177
35507 80
35574
35902 81
36294
36624 82
36680
37010 83
37057
37390 84
37511
41151 95
41218
42528 99
42946
45943 108
46002
47320 112
47745
51411 123
51488
52147 125
52574
55562 134
16121506
16123170 139
16123923
16125624 144
16125728
16126723 147
16126955
16127285 148
16127334
16131018 159
16131079
16131410 160
16132164
16133152 163
16133387
16133717 164
16133796
16136155 171
16136259
16137256 174
16137398
16137728 175
16137788
16138123 176
16138432
16138762 177
16138824
