1246 3
1658
3001 7
4585
8873 20
10415
10743 21
10785
11113 22
5302873
5303201 23
5310839
5311167 24
5311265
5311593 25
5311735
5312069 26
5313250
5315583 33
5315961
5316287 34
5316347
5316671 35
5317053
5317383 36
5317445
5317773 26
5318027 37
5318449
5318779 38
5318847
5319176 39
5319287
5323581 52
5323980
5326298 59
5326365
5327683 63
5328092
5331064 72
21218856
21220512 77
21221257
21223590 84
21223783
21224111 85
21224543
21224873 86
21224942
21227255 93
21230702
21232391 98
21232495
21233478 101
21233547
21234540 104
21234837
21237805 93
21237979
