1841 3
2263
3606 7
5133
11443 26
12863
13191 27
14026
23837 56
23885
24211 57
24260
24586 58
24634
24964 59
26815
27139 60
27199
27527 61
27586
27914 62
28014
28344 63
28407
28731 64
28779
29105 65
29228
32223 74
32595
32925 75
32984
33312 76
33688
34014 77
34073
34403 78
34491
34819 79
35235
35565 80
35631
35959 81
36351
36681 82
36737
37067 83
37114
37447 84
37568
41208 95
41275
42585 99
43003
46000 108
46059
47377 112
47801
51467 123
51544
52203 125
52630
55618 134
16026915
16028579 139
16029331
16031032 144
16031136
16032131 147
16032361
16032691 148
16032740
16036424 159
16036485
16036816 160
16037570
16038558 163
16038789
16039119 164
16039197
16041556 171
16041660
16042657 174
16042794
16043124 175
16043183
16043518 176
16043827
16044157 177
16044219
