1123 3
1513
2748 7
4075
6802 16
6842
8657 22
8753
9352 24
9370
10582 28
11665
11966 29
11981
12282 30
2895713
2896014 31
2901920
2902221 32
2902265
2902566 33
2902627
2902934 34
2903937
2906689 43
2906977
2907276 44
2907297
2907594 45
2907878
2908181 46
2908237
2908538 47
2908818
2909121 48
2909154
2909457 49
2909478
2909781 50
2909802
2912545 59
2912971
2915724 68
2915746
2916043 69
3198606
3198905 70
3198929
3199230 71
3200107
3202854 80
3203288
3206045 89
3206067
3206364 90
3495113
3495412 91
3495436
3495737 92
3496638
3498800 99
3498850
3499756 102
3499806
3500718 105
3500988
