2263 3
2685
4028 7
5574
11884 26
13323
13651 27
14486
24297 56
24345
24671 57
24719
25045 58
25093
25423 59
27275
27599 60
27659
27987 61
28046
28374 62
28474
28804 63
28867
29191 64
29239
29565 65
29688
32683 74
33055
33385 75
33444
33772 76
34148
34474 77
34533
34863 78
34951
35279 79
35695
36025 80
36091
36419 81
36811
37141 82
37197
37527 83
37574
37907 84
38028
41668 95
41735
43045 99
43463
46460 108
46519
47837 112
48261
51927 123
52004
52663 125
53090
56078 134
16121928
16123592 139
16124344
16126045 144
16126149
16127144 147
16127374
16127704 148
16127753
16131437 159
16131498
16131829 160
16132583
16133571 163
16133802
16134132 164
16134210
16136569 171
16136673
16137670 174
16137807
16138137 175
16138196
16138531 176
16138840
16139170 177
16139232
