2263 3
2685
4028 7
5574
11884 26
13323
13651 27
14486
24297 56
24345
24671 57
24719
25045 58
25093
25423 59
27206
27530 60
27590
27918 61
27977
28305 62
28405
28735 63
28798
29122 64
29170
29496 65
29619
32614 74
32986
33316 75
33375
33703 76
34079
34405 77
34464
34794 78
34882
35210 79
35626
35956 80
36022
36350 81
36742
37072 82
37128
37458 83
37505
37838 84
37959
41599 95
41666
42976 99
43394
46391 108
46450
47768 112
48192
51858 123
51935
52594 125
53021
56009 134
16121859
16123523 139
16124275
16125976 144
16126080
16127075 147
16127305
16127635 148
16127684
16131368 159
16131429
16131760 160
16132514
16133502 163
16133733
16134063 164
16134141
16136500 171
16136604
16137601 174
16137738
16138068 175
16138127
16138462 176
16138771
16139101 177
16139163
