1123 3
1513
2748 7
3906
6633 16
6673
8488 22
8584
9183 24
9201
10413 28
11496
11797 29
11812
12113 30
3247414
3247715 31
3253206
3253507 32
3253551
3253852 33
3253913
3254220 34
3255042
3257794 43
3258082
3258381 44
3258402
3258699 34
3258880 45
3259164
3259467 46
3259523
3259824 47
3260104
3260407 48
3260440
3260743 49
3260764
3261067 50
3261088
3263831 59
3264240
3266993 68
3267015
3267312 69
3708683
3708982 70
3709006
3709307 71
3710381
3713128 80
3713545
3716302 89
3716324
3716621 90
4163990
4164289 91
4164313
4164614 92
4165707
4167869 99
4167919
4168825 102
4168875
4169787 105
4170057
