1658 3
2041
3384 7
4899
11209 26
12617
12945 27
17673
26773 54
26841
27172 55
27480
27806 56
27854
28184 57
28233
28563 58
28611
28945 59
30717
31045 60
31105
31433 61
31492
31820 62
31920
32250 63
32313
32641 64
32689
33019 65
33142
36801 76
37183
37509 77
37557
37886 78
37993
42287 91
42678
45011 98
45079
46389 102
46824
47824 105
47928
50930 114
51290
51620 115
51689
54022 122
54090
55429 126
55526
56185 128
56704
58379 133
58428
62113 144
62174
62505 145
63259
64247 148
64488
64818 149
64896
67263 156
68551
70248 161
70352
71349 164
71496
71826 165
71894
72229 166
72537
