2557 3
2979
4322 7
5849
12159 26
13579
13907 27
14742
24553 56
24601
24927 57
24975
25301 58
25349
25679 59
27436
27760 60
27820
28148 61
28207
28535 62
28635
28965 63
29028
29352 64
29400
29726 65
29849
32844 74
33216
33546 75
33605
33933 76
34309
34635 77
34694
35024 78
35112
35440 79
35856
36186 80
36252
36580 81
36972
37302 82
37358
37688 83
37735
38068 84
38189
41829 95
41896
43206 99
43624
46621 108
46680
47998 112
48422
52088 123
52165
52824 125
53251
56239 134
16122089
16123753 139
16124505
16126206 144
16126310
16127305 147
16127535
16127865 148
16127914
16131598 159
16131659
16131990 160
16132744
16133732 163
16133963
16134293 164
16134371
16136730 171
16136834
16137831 174
16137968
16138298 175
16138357
16138692 176
16139001
16139331 177
16139393
