1848 3
2267
3610 7
5119
11429 26
12564
12892 27
13636
14339 26
14606
23714 56
23762
24088 57
24136
24462 58
24510
24840 59
26585
26909 60
26969
27297 61
27356
27684 62
27784
28114 63
28177
28501 64
28549
28875 65
28998
31993 74
32369
32699 75
32759
33087 76
33467
33793 77
33854
34184 78
34274
34602 79
35022
35352 80
35420
35748 81
36144
36474 82
36531
36861 83
36908
37241 84
37359
40999 95
41066
42376 99
42788
45785 108
45844
47162 112
47580
51246 123
51323
51982 125
52409
55397 134
15999446
16001110 139
16001861
16003562 144
16003666
16004661 147
16004895
16005225 148
16005274
16008958 159
16009019
16009350 160
16010104
16011092 163
16011331
16011661 164
16011739
16014098 171
16014202
16015199 174
16015344
16015674 175
16015735
16016070 176
16016379
16016709 177
16016771
