1249 3
1670
3013 7
4601
8236 18
9717
10041 19
14769
23857 46
23933
24264 47
24572
26224 52
27753
28081 53
28123
28451 54
5309186
5309514 55
5315065
5315393 56
5315491
5315819 57
5315961
5316295 58
5317717
5320050 65
5320448
5320774 66
5320822
5321151 67
5321275
5325569 80
5325994
5328331 87
5328398
5329708 91
5330185
5331185 94
5331289
5334295 103
5334655
5334985 104
5335054
5337395 111
5337462
5338797 115
5338894
5339553 117
5340114
5341789 122
5341838
5344183 129
5348187
5349884 134
5350584 129
5350758 134
5351346
5353043 139
5353147
5354142 142
5354212
5355209 145
5355506
