1868 3
2291
3634 7
5358
11668 26
13118
13446 27
13774
24954 60
25002
25332 61
25380
25710 62
25758
26092 63
27798
28126 64
28195
28525 65
28588
28916 66
28964
29294 67
29417
32416 76
32790
33116 77
33176
33500 78
33892
34218 79
34274
34607 80
34733
38377 91
38444
39754 95
40177
43162 104
43221
44549 108
44602
44930 109
45391
49081 120
49276
49606 121
49687
50691 124
50795
53805 133
53866
54197 134
54951
55939 137
56178
56508 138
56587
58946 145
59050
60047 148
60193
60523 149
60587
60922 150
61230
61560 151
61622
