1264 3
1681
3024 7
4614
7584 16
7651
9628 22
9751
10404 24
10449
11769 28
13291
13619 29
13661
13989 30
5004207
5004535 31
5011025
5011353 32
5011451
5011779 33
5011921
5012255 34
5013670
5016665 43
5017061
5017387 44
5017435
5017759 45
5018151
5018481 46
5018564
5018892 47
5019280
5019610 48
5019670
5020000 49
5020048
5020378 50
5020426
5023412 59
5023848
5026844 68
5026893
5027217 69
5580407
5580733 70
5580784
5581112 71
5582331
5585321 80
5585765
5588765 89
5588814
5589138 90
6148037
6148363 91
6148414
6148742 92
6149988
6152339 99
6152443
6153430 102
6153507
6154500 105
6154797
