1123 3
1513
2748 7
3906
6633 16
6673
8488 22
8584
9183 24
9201
10413 28
11444
11745 29
11760
12061 30
2696750
2697051 31
2701657
2701958 32
2702002
2702303 33
2702364
2702671 34
2703664
2706416 43
2706704
2707003 44
2707024
2707321 45
2707605
2707908 46
2707964
2708265 47
2708545
2708848 48
2708881
2709184 49
2709205
2709508 50
2709529
2712272 59
2712698
2715451 68
2715475
2715772 69
2716649
2716948 70
2716970
2717271 71
2941749
2944496 80
2944930
2947687 89
2947711
2948008 90
2948920
2949219 91
2949241
2949542 92
3175907
3178069 99
3178119
3179025 102
3179075
3179987 105
3180237
