2294 3
2720
4063 7
5856
12166 26
13629
13957 27
14710
25890 60
25938
26268 61
26316
26646 62
26694
27028 63
28772
29100 64
29169
29499 65
29562
29890 66
29938
30268 67
30391
33390 76
33762
34088 77
34147
34471 78
34863
35189 79
35245
35578 80
35707
39351 91
39418
40728 95
41158
44143 104
44202
45530 108
45589
45917 109
46393
50083 120
50277
50607 121
50688
51692 124
51796
54806 133
54867
55198 134
55952
56940 137
57181
57511 138
57589
59948 145
60052
61049 148
61196
61526 149
61589
61924 150
62232
62562 151
62624
