1872 3
2298
3641 7
5191
11501 26
12944
13272 27
14022
25202 60
25250
25580 61
25651
25981 62
26029
26363 63
28303
28631 64
28723
29053 65
29116
29444 66
29492
29822 67
29945
32944 76
33318
33644 77
33704
34028 78
34420
34746 79
34802
35135 80
35264
38908 91
38975
40285 95
40715
43700 104
43759
45087 108
45140
45468 109
45937
49627 120
49822
50152 121
50233
51237 124
51341
54351 133
54412
54743 134
55497
56485 137
56724
57054 138
57133
59492 145
59596
60593 148
60739
61069 149
61133
61468 150
61776
62106 151
62168
