1271 3
1689
3032 7
4628
7598 16
7665
9642 22
9766
10419 24
10464
11784 28
13321
13649 29
13691
14019 30
5304215
5304543 31
5310072
5310400 32
5310498
5310826 33
5310968
5311302 34
5312470
5315465 43
5315905
5316231 44
5316282
5316606 34
5316868 45
5317304
5317634 46
5317706
5318034 47
5318466
5318796 48
5318859
5321848 57
5321905
5322229 58
5322670
5322996 59
5323045
5323369 60
5910033
5910363 61
5910414
5910742 62
5911989
5914978 71
5915035
5915359 72
5915808
5916138 73
5916187
5916515 74
6517508
6517834 75
6517885
6518209 76
6519480
6521831 83
6521935
6522926 86
6523003
6523988 89
6524285
