2994 3
3377
4720 7
6229
12539 26
13941
14269 27
18997
28097 54
28165
28496 55
28804
29130 56
29178
29508 57
29557
29887 58
29935
30269 59
32041
32369 60
32429
32757 61
32816
33144 62
33244
33574 63
33637
33965 64
34013
34343 65
34466
38125 76
38507
38833 77
38881
39210 78
39317
43611 91
44002
46335 98
46403
47713 102
48148
49148 105
49252
52254 114
52614
52944 115
53013
55346 122
55414
56753 126
56850
57509 128
58028
59703 133
59752
63437 144
63498
63829 145
64583
65571 148
65812
66142 149
66220
68587 156
69875
71572 161
71676
72673 164
72820
73150 165
73218
73553 166
73861
