2299 3
2725
4068 7
5618
11928 26
13371
13699 27
14538
25718 60
25766
26096 61
26144
26474 62
26522
26856 63
28637
28965 64
29034
29364 65
29427
29755 66
29803
30133 67
30256
33255 76
33627
33953 77
34012
34336 78
34728
35054 79
35110
35443 80
35572
39216 91
39283
40593 95
41023
44008 104
44067
45395 108
45454
45782 109
46258
49948 120
50142
50472 121
50553
51557 124
51661
54671 133
54732
55063 134
55817
56805 137
57046
57376 138
57454
59813 145
59917
60914 148
61061
61391 149
61454
61789 150
62097
62427 151
62489
