2593 3
3019
4362 7
5893
12203 26
13627
13955 27
14794
25974 60
26022
26352 61
26400
26730 62
26778
27112 63
28894
29222 64
29291
29621 65
29684
30012 66
30060
30390 67
30513
33512 76
33884
34210 77
34269
34593 78
34985
35311 79
35367
35700 80
35829
39473 91
39540
40850 95
41280
44265 104
44324
45652 108
45711
46039 109
46515
50205 120
50399
50729 121
50810
51814 124
51918
54928 133
54989
55320 134
56074
57062 137
57303
57633 138
57711
60070 145
60174
61171 148
61318
61648 149
61711
62046 150
62354
62684 151
62746
