1267 3
1685
3028 7
4596
8231 18
9692
10016 19
14660
21090 38
21157
23786 46
23834
24164 47
24220
24550 48
24598
24928 49
24991
25326 50
25634
25967 51
26091
26744 53
26789
28105 57
29848
30176 58
30253
30583 59
30646
30974 60
31022
31352 61
31475
35132 72
35540
35870 73
35921
36249 74
36653
36983 75
37055
37379 76
37779
38105 77
38168
41161 86
41210
41534 87
41975
42301 88
42350
42674 89
662462
662792 90
662843
663171 91
664476
667469 100
667518
667842 101
668291
668621 102
668670
668998 103
1294193
1294523 104
1294574
1294902 105
1296217
1298564 112
1298668
1299661 115
1299725
1300060 116
1300368
