1267 3
1685
3028 7
4592
7562 16
7629
9606 22
9730
10383 24
10428
11748 28
13259
13587 29
13629
13957 30
5008799
5009127 31
5014733
5015061 32
5015159
5015487 33
5015629
5015963 34
5017367
5020362 43
5020802
5021128 44
5021179
5021503 45
5021939
5022269 46
5022341
5022669 47
5023101
5023431 48
5023494
5026483 57
5026540
5026864 58
5027305
5027631 59
5027680
5028004 60
5593835
5594165 61
5594216
5594544 62
5595791
5598780 71
5598837
5599161 72
5599610
5599940 73
5599989
5600317 74
6171572
6171898 75
6171949
6172273 76
6173544
6175895 83
6175999
6176990 86
6177067
6178052 89
6178349
