1861 3
2287
3630 7
5180
11490 26
12933
13261 27
14100
25280 60
25328
25658 61
25706
26036 62
26084
26418 63
28274
28602 64
28671
29001 65
29064
29392 66
29440
29770 67
29893
32892 76
33264
33590 77
33649
33973 78
34365
34691 79
34747
35080 80
35203
36853 85
36982
40618 96
40685
41995 100
42425
45418 109
45477
46793 113
46852
47180 114
47656
51334 125
51528
51858 126
51939
52943 129
53047
56061 138
56122
56453 139
57207
58195 142
58436
58766 143
58844
61203 150
61307
62304 153
62451
62781 154
62844
63179 155
63487
63817 156
63879
