1123 3
1513
2748 7
3903
6630 16
6670
8485 22
8581
9180 24
9198
10410 28
11544
11845 29
11860
12161 30
2897741
2898042 31
2903171
2903472 32
2903516
2903817 33
2903878
2904185 34
2905017
2907769 43
2908061
2908360 44
2908380
2908677 45
2908965
2909268 46
2909323
2909624 34
2909888 47
2910172
2910475 48
2910507
2910810 49
2910832
2911135 50
2911156
2913899 59
2914308
2917061 68
2917083
2917380 69
3479363
3479662 70
3479686
3479987 71
3481199
3483946 80
3484363
3487120 89
3487142
3487439 90
4056532
4056831 91
4056855
4057156 92
4058400
4060562 99
4060612
4061518 102
4061576
4062488 105
4062758
