1123 3
1513
2748 7
3895
6622 16
6662
8477 22
8573
9172 24
9190
10402 28
11521
11822 29
11837
12138 30
3047478
3047779 31
3053321
3053622 32
3053666
3053967 33
3054028
3054335 34
3055201
3057953 34
3058126 43
3058414
3058713 44
3058734
3059031 45
3059315
3059618 46
3059674
3059975 47
3060255
3060558 48
3060591
3060894 49
3060915
3061218 50
3061239
3061545 51
3061638
3065586 64
3065995
3068740 73
3068762
3069063 74
3366564
3366867 75
3366891
3367192 76
3368146
3370893 85
3371310
3374059 94
3374081
3374382 95
3675593
3675896 96
3675920
3676221 97
3677199
3679353 104
3679403
3680317 107
3680359
3681275 110
3681545
