1443 3
1833
3068 7
4226
6953 16
6993
8808 22
8904
9503 24
9521
10733 28
11939
12240 29
12255
12556 30
3064713
3065014 31
3070186
3070487 32
3070531
3070832 33
3070893
3071200 34
3072326
3075078 43
3075366
3075665 44
3075686
3075983 45
3076267
3076570 46
3076626
3076927 47
3077207
3077510 48
3077543
3077846 49
3077867
3078170 50
3078191
3080934 59
3081327
3084080 68
3084102
3084399 69
3712756
3713055 70
3713079
3713380 71
3714584
3717331 80
3717732
3720489 89
3720511
3720808 90
4355946
4356245 91
4356269
4356570 92
4357798
4359960 99
4360010
4360916 102
4360982
4361894 105
4362164
