2294 3
2720
4063 7
5594
11904 26
13328
13656 27
14495
25675 60
25723
26053 61
26101
26431 62
26479
26813 63
28597
28925 64
28994
29324 65
29387
29715 66
29763
30093 67
30216
33215 76
33587
33913 77
33972
34296 78
34688
35014 79
35070
35403 80
35532
39176 91
39243
40553 95
40983
43968 104
44027
45355 108
45414
45742 109
46218
49908 120
50102
50432 121
50513
51517 124
51621
54631 133
54692
55023 134
55777
56765 137
57006
57336 138
57414
59773 145
59877
60874 148
61021
61351 149
61414
61749 150
62057
62387 151
62449
