1610 3
2022
3365 7
4944
9232 20
11085
11413 21
11455
11783 22
4929293
4929621 23
4935512
4935840 24
4935938
4936266 25
4936408
4936742 26
4938110
4940443 33
4940821
4941147 34
4941207
4941531 26
4941909 35
4942291
4942621 36
4942683
4943013 37
4943104
4943432 38
4943854
4944180 39
4944249
4944573 40
4944973
4945303 41
4945359
4945688 42
4945799
4950089 55
4950488
4952810 62
4952877
4954191 66
4954600
4957580 75
20818574
20820222 80
20820967
20822648 85
20822752
20825085 92
20825276
20825600 93
20826028
20826358 94
20826427
20829402 103
20832849
20835207 110
20835311
20836298 113
20836386
20837383 116
20837680
