2582 3
3008
4351 7
5913
12223 26
13678
14006 27
14750
25930 60
25978
26308 61
26356
26686 62
26734
27068 63
28886
29214 64
29283
29613 65
29676
30004 66
30052
30382 67
30505
33504 76
33876
34202 77
34261
34585 78
34977
35303 79
35359
35692 80
35821
39465 91
39532
40842 95
41272
44257 104
44316
45644 108
45703
46031 109
46507
50197 120
50391
50721 121
50802
51806 124
51910
54920 133
54981
55312 134
56066
57054 137
57295
57625 138
57703
60062 145
60166
61163 148
61310
61640 149
61703
62038 150
62346
62676 151
62738
