2593 3
3019
4362 7
5893
12203 26
13627
13955 27
14794
25974 60
26022
26352 61
26400
26730 62
26778
27112 63
28873
29201 64
29270
29600 65
29663
29991 66
30039
30369 67
30492
33491 76
33863
34189 77
34248
34572 78
34964
35290 79
35346
35679 80
35808
39452 91
39519
40829 95
41259
44244 104
44303
45631 108
45690
46018 109
46494
50184 120
50378
50708 121
50789
51793 124
51897
54907 133
54968
55299 134
56053
57041 137
57282
57612 138
57690
60049 145
60153
61150 148
61297
61627 149
61690
62025 150
62333
62663 151
62725
