2551 3
2973
4316 7
5862
12172 26
13611
13939 27
14774
24585 56
24633
24959 57
25007
25333 58
25381
25711 59
27495
27819 60
27879
28207 61
28266
28594 62
28694
29024 63
29087
29411 64
29459
29785 65
29908
32903 74
33275
33605 75
33664
33992 76
34368
34694 77
34753
35083 78
35171
35499 79
35915
36245 80
36311
36639 81
37031
37361 82
37417
37747 83
37794
38127 84
38248
41888 95
41955
43265 99
43683
46680 108
46739
48057 112
48481
52147 123
52224
52883 125
53310
56298 134
16122148
16123812 139
16124564
16126265 144
16126369
16127364 147
16127594
16127924 148
16127973
16131657 159
16131718
16132049 160
16132803
16133791 163
16134022
16134352 164
16134430
16136789 171
16136893
16137890 174
16138027
16138357 175
16138416
16138751 176
16139060
16139390 177
16139452
