1639 3
2056
3399 7
4989
7959 16
8026
10003 22
10126
10779 24
10824
12144 28
13698
14026 29
14068
14396 30
4471433
4471761 31
4477478
4477806 32
4477904
4478232 33
4478374
4478708 34
4480155
4483150 43
4483546
4483872 44
4483920
4484244 45
4484636
4484966 46
4485049
4485377 47
4485765
4486095 48
4486155
4486485 49
4486533
4486863 50
4486911
4489897 59
4490333
4493329 68
4493378
4493702 69
4959752
4960078 70
4960129
4960457 71
4961614
4964604 80
4965048
4968048 89
4968097
4968421 90
5439708
5440034 91
5440085
5440413 92
5441589
5443940 99
5444044
5445031 102
5445108
5446101 105
5446398
