1646 3
2025
3368 7
4889
11199 26
12613
12941 27
17661
26761 54
26825
27156 55
27465
28451 58
28499
28829 59
28878
29208 60
29256
29590 61
31358
31686 62
31746
32074 63
32133
32461 64
32561
32891 65
32954
33282 66
33330
33660 67
33783
36782 76
37164
37490 77
37547
37871 78
38257
38583 79
38640
38970 80
39051
39379 81
39805
40135 82
40198
40531 83
40630
44932 96
45311
47625 103
47693
49019 107
49406
53088 118
53165
53824 120
54251
57247 129
15555687
15557343 134
15558263
15559964 139
15560068
15561065 142
15561241
15561569 143
15561967
15562297 144
15562366
15566050 155
15566111
15566442 156
15567196
15568184 159
15568421
15568751 160
15568829
15571851 169
15571938
15572597 171
17114341
17117371 180
17117475
17118472 183
17118615
17118945 184
17119009
17119344 185
17119653
