1252 3
1631
2974 7
4482
10792 26
12193
12521 27
17241
26341 54
26405
26736 55
27045
28031 58
28079
28409 59
28457
28787 60
28835
29169 61
30898
31226 62
31286
31614 63
31673
32001 64
32101
32431 65
32494
32822 66
32870
33200 67
33323
36322 76
36704
37030 77
37087
37411 78
37797
38123 79
38180
38510 80
38596
38924 81
39350
39680 82
39743
40076 83
40175
44477 96
44856
47170 103
47238
48564 107
48951
52633 118
52710
53369 120
53796
56792 129
15646837
15648493 134
15649413
15651114 139
15651362
15655955 152
15656059
