952 3
1364
2707 7
4291
8579 20
10136
10464 21
10506
10834 22
5302594
5302922 23
5308652
5308980 24
5309078
5309406 25
5309548
5309882 26
5311158
5313491 33
5313869
5314195 34
5314255
5314579 26
5314753 35
5315135
5315465 36
5315527
5315855 37
5316277
5316607 38
5316675
5317004 39
5317115
5321409 52
5321808
5324126 59
5324193
5325511 63
5325920
5328892 72
21216678
21218334 77
21219077
21221410 84
21221603
21221931 85
21222363
21222693 86
21222762
21225075 93
21228522
21230211 98
21230260 93
21230434 98
21230489
21231472 101
21231541
21232534 104
21232831
