1630 3
2042
3385 7
4964
9252 20
10805
11133 21
11175
11503 22
5292238
5292566 23
5297974
5298302 24
5298400
5298728 25
5298870
5299204 26
5300650
5302983 33
5303361
5303687 34
5303747
5304071 35
5304453
5304783 36
5304845
5305173 37
5305595
5305925 38
5305993
5306322 39
5306433
5310727 52
5311126
5313444 59
5313511
5314829 63
5315238
5318210 72
21152596
21154252 77
21154997
21157330 84
21157523
21157851 85
21158283
21158613 86
21158682
21160995 93
21164556
21166245 98
21166349
21167332 101
21167402
21168060 93
21168234
21168569 104
21168866
