1611 3
2028
3371 7
4884
8519 18
9925
10249 19
15062
21492 38
21559
24188 46
24236
24566 47
24614
24944 48
24992
25322 49
25382
25717 50
26025
26358 51
26481
27134 53
27179
28495 57
30270
30598 58
30667
30997 59
31060
31388 60
31436
31766 61
31889
35546 72
35942
36272 73
36320
36648 74
37040
37370 75
37453
37777 76
38165
38491 77
38551
38877 78
38925
39251 79
39299
42289 88
42710
45702 97
45751
46075 98
967329
967655 99
967706
968034 100
969579
972585 109
973014
976030 118
976079
976407 119
1905021
1905351 120
1905402
1905730 121
1907297
1909656 128
1909760
1910753 131
1910816
1911151 132
1911459
