1240 3
1652
2995 7
4579
8867 20
10667
10995 21
11037
11365 22
5306545
5306873 23
5312397
5312725 24
5312823
5313151 25
5313293
5313627 26
5315362
5317695 33
5318073
5318399 34
5318459
5318783 35
5319165
5319495 36
5319557
5319887 37
5319978
5320306 38
5320728
5321054 39
5321123
5321447 40
5321847
5322177 41
5322233
5322562 42
5322673
5326963 55
5327362
5329684 62
5329751
5331065 66
5331474
5334454 75
21248832
21250480 80
21251225
21252906 85
21253010
21255343 92
21255534
21255858 93
21256286
21256616 94
21256685
21259660 103
21263107
21265465 110
21265569
21266556 113
21266647
21267644 116
21267941
