1872 3
2298
3641 7
5191
11501 26
12944
13272 27
14111
25291 60
25339
25669 61
25740
26070 62
26118
26452 63
28345
28673 64
28765
29095 65
29158
29486 66
29534
29864 67
29987
32986 76
33360
33686 77
33746
34070 78
34462
34788 79
34844
35177 80
35306
38950 91
39017
40327 95
40757
43742 104
43801
45129 108
45182
45510 109
45979
49669 120
49864
50194 121
50275
51279 124
51383
54393 133
54454
54785 134
55539
56527 137
56766
57096 138
57175
59534 145
59638
60635 148
60781
61111 149
61175
61510 150
61818
62148 151
62210
