1252 3
1631
2974 7
4482
10792 26
12193
12521 27
17241
26341 54
26405
26736 55
27045
28031 58
28079
28409 59
28458
28788 60
28836
29170 61
30905
31233 62
31293
31621 63
31680
32008 64
32108
32438 65
32501
32829 66
32877
33207 67
33330
36329 76
36711
37037 77
37094
37418 78
37804
38130 79
38187
38517 80
38603
38931 81
39357
39687 82
39750
40083 83
40182
44484 96
44863
47177 103
47245
48571 107
48958
52640 118
52717
53376 120
53803
56799 129
15555239
15556895 134
15557815
15559516 139
15559764
15564357 152
15564461
