1586 3
1965
3308 7
4872
11182 26
12639
12967 27
17687
26787 54
26851
27182 55
27491
28477 58
28525
28855 59
28904
29234 60
29282
29616 61
31351
31679 62
31739
32067 63
32126
32454 64
32554
32884 65
32947
33275 66
33323
33653 67
33776
36775 76
37157
37483 77
37540
37864 78
38250
38576 79
38633
38963 80
39049
39377 81
39803
40133 82
40196
40529 83
40628
44930 96
45309
47623 103
47691
49017 107
49404
53086 118
53163
53822 120
54249
57245 129
15555685
15557341 134
15558261
15559962 139
15560210
15564803 152
15564907
