2262 3
2684
4027 7
5772
12082 26
13244
13572 27
13900
14234 26
14501
23978 56
24026
24352 57
24400
24726 58
24774
25104 59
26844
27168 60
27228
27556 61
27615
27943 62
28043
28373 63
28436
28760 64
28808
29134 65
29257
32252 74
32624
32954 75
33013
33341 76
33717
34043 77
34102
34432 78
34520
34848 79
35264
35594 80
35660
35988 81
36380
36710 82
36766
37096 83
37143
37476 84
37597
41237 95
41304
42614 99
43032
46029 108
46088
47406 112
47830
51496 123
51573
52232 125
52659
55647 134
16067447
16069111 139
16069863
16071564 144
16071668
16072663 147
16072893
16073223 148
16073272
16076956 159
16077017
16077348 160
16078102
16079090 163
16079321
16079651 164
16079729
16082088 171
16082192
16083189 174
16083326
16083656 175
16083715
16084050 176
16084359
16084689 177
16084751
