1258 3
1675
3018 7
4795
8430 18
9877
10201 19
15061
21491 38
21558
24187 46
24235
24565 47
24621
24951 48
24999
25332 49
25455
26112 51
26157
27477 55
29235
29563 56
29640
29970 57
30033
30361 58
30409
30739 59
30862
34519 70
34915
35245 71
35293
35621 72
36013
36343 73
36426
36754 74
37142
37472 75
37532
37858 76
37906
38232 77
38280
41278 86
41715
44699 95
44748
45076 96
673620
673950 97
674001
674325 98
675624
678622 107
679067
682075 116
682124
682452 117
1315922
1316252 118
1316303
1316631 119
1317954
1320313 126
1320417
1321414 129
1321475
1321810 130
1322118
