1246 3
1658
3001 7
4585
8873 20
10599
10927 21
10969
11297 22
5303057
5303385 23
5310113
5310441 24
5310539
5310867 25
5311009
5311343 26
5312962
5315295 33
5315673
5315999 34
5316059
5316383 35
5316765
5317095 36
5317157
5317487 37
5317578
5317906 38
5318328
5318654 39
5318723
5319047 40
5319447
5319777 41
5319833
5320162 42
5320273
5324563 55
5324962
5327284 62
5327351
5328665 66
5329074
5332054 75
21219846
21221494 80
21222239
21223920 85
21224024
21226357 92
21226548
21226872 93
21227300
21227630 94
21227699
21230674 103
21234121
21236479 110
21236583
21237570 113
21237639
21238636 116
21238933
