1123 3
1513
2748 7
3860
6587 16
6627
8442 22
8538
9137 24
9155
10367 28
11435
11736 29
11751
12052 30
2600819
2601120 31
2606918
2607219 32
2607263
2607564 33
2607625
2607932 34
2608747
2611499 34
2611672 43
2611960
2612259 44
2612280
2612577 45
2612861
2613164 46
2613220
2613521 47
2613801
2614104 48
2614137
2614440 49
2614461
2614764 50
2614785
2617528 59
2617954
2620707 68
2620731
2621028 69
2621856
2622155 70
2622177
2622478 71
2817073
2819820 80
2820254
2823011 89
2823035
2823332 90
2824184
2824483 91
2824505
2824806 92
3020259
3022421 99
3022471
3023377 102
3023419
3024331 105
3024581
