1868 3
2291
3634 7
5191
11501 26
12951
13279 27
14032
25212 60
25260
25590 61
25638
25968 62
26016
26350 63
28098
28426 64
28495
28825 65
28888
29216 66
29264
29594 67
29717
32716 76
33090
33416 77
33476
33800 78
34208
34534 79
34594
34927 80
35053
38697 91
38764
40074 95
40501
43486 104
43545
44873 108
44926
45254 109
45715
49405 120
49600
49930 121
50011
51015 124
51119
54129 133
54190
54521 134
55275
56263 137
56502
56832 138
56911
59270 145
59374
60371 148
60517
60847 149
60911
61246 150
61554
61884 151
61946
