2578 3
3004
4347 7
5869
12179 26
13594
13922 27
14761
25941 60
25989
26319 61
26367
26697 62
26745
27079 63
28843
29171 64
29240
29570 65
29633
29961 66
30009
30339 67
30462
33461 76
33833
34159 77
34218
34542 78
34934
35260 79
35316
35649 80
35778
39422 91
39489
40799 95
41229
44214 104
44273
45601 108
45660
45988 109
46464
50154 120
50348
50678 121
50759
51763 124
51867
54877 133
54938
55269 134
56023
57011 137
57252
57582 138
57660
60019 145
60123
61120 148
61267
61597 149
61660
61995 150
62303
62633 151
62695
