2587 3
3013
4356 7
5906
12216 26
13659
13987 27
14826
26006 60
26054
26384 61
26432
26762 62
26810
27144 63
28932
29260 64
29329
29659 65
29722
30050 66
30098
30428 67
30551
33550 76
33922
34248 77
34307
34631 78
35023
35349 79
35405
35738 80
35867
39511 91
39578
40888 95
41318
44303 104
44362
45690 108
45749
46077 109
46553
50243 120
50437
50767 121
50848
51852 124
51956
54966 133
55027
55358 134
56112
57100 137
57341
57671 138
57749
60108 145
60212
61209 148
61356
61686 149
61749
62084 150
62392
62722 151
62784
