1123 3
1513
2748 7
3903
6630 16
6670
8485 22
8581
9180 24
9198
10410 28
11588
11889 29
11904
12205 30
2898161
2898462 31
2903488
2903789 32
2903833
2904134 33
2904195
2904502 34
2905480
2908232 43
2908524
2908823 44
2908843
2909140 45
2909428
2909731 46
2909786
2910087 34
2910207 47
2910491
2910794 48
2910826
2911129 49
2911151
2911454 50
2911475
2914218 59
2914627
2917380 68
2917402
2917699 69
3479925
3480224 70
3480248
3480549 71
3481749
3484496 80
3484913
3487670 89
3487692
3487989 90
4057075
4057374 91
4057398
4057699 92
4058915
4061077 99
4061127
4062033 102
4062091
4063003 105
4063273
