1619 3
2037
3380 7
4970
8605 18
10088
10412 19
15056
21486 38
21553
22869 42
22917
23243 43
23299
23625 44
23673
23999 45
24062
24397 46
24705
25038 47
25162
25819 49
25864
27192 53
28965
29293 54
29370
29700 55
29763
30091 56
30139
30469 57
30592
34245 68
34653
34979 69
35030
35354 70
35758
36088 71
36160
36488 72
36888
37218 73
37281
40262 82
40311
40639 83
41080
41410 84
41459
41787 85
650209
650539 86
650590
650914 87
652219
655200 96
655249
655573 97
656022
656348 98
656397
656721 99
1270227
1270557 100
1270608
1270936 101
1272265
1274624 108
1274728
1275721 111
1275785
1276116 112
1276424
