1246 3
1658
3001 7
4553
8841 20
10657
10985 21
11027
11355 22
5104998
5105326 23
5110769
5111097 24
5111195
5111523 25
5111665
5111999 26
5113750
5116083 33
5116461
5116787 34
5116847
5117171 35
5117553
5117883 36
5117945
5118275 37
5118366
5118694 38
5119116
5119442 39
5119511
5119835 40
5120235
5120565 41
5120621
5120950 42
5121061
5125351 55
5125750
5128072 62
5128139
5129453 66
5129862
5132842 75
21007207
21008855 80
21009600
21011281 85
21011385
21013718 92
21013909
21014233 93
21014661
21014991 94
21015060
21018035 103
21021596
21023954 110
21024058 103
21024232
21025219 113
21025307
21026304 116
21026601
