1251 3
1663
3006 7
4585
8873 20
10800
11128 21
11170
11498 22
5020959
5021287 23
5027402
5027730 24
5027828
5028156 25
5028298
5028632 26
5030058
5032391 33
5032769
5033095 34
5033155
5033479 26
5033873 35
5034255
5034585 36
5034647
5034977 37
5035068
5035396 38
5035818
5036144 39
5036213
5036537 40
5036937
5037267 41
5037323
5037652 42
5037763
5042053 55
5042452
5044774 62
5044841
5046155 66
5046564
5049544 75
20883874
20885522 80
20886267
20887948 85
20888052
20890385 92
20890576
20890900 93
20891328
20891658 94
20891727
20894702 103
20898149
20900507 110
20900611
20901598 113
20901694
20902691 116
20902988
