2294 3
2717
4060 7
5627
11937 26
13397
13725 27
14478
25658 60
25706
26036 61
26084
26414 62
26462
26796 63
28537
28865 64
28934
29264 65
29327
29655 66
29703
30033 67
30156
33155 76
33527
33853 77
33912
34236 78
34628
34954 79
35010
35343 80
35469
39113 91
39180
40490 95
40914
43899 104
43958
45286 108
45345
45673 109
46143
49833 120
50027
50357 121
50438
51442 124
51546
54556 133
54617
54948 134
55702
56690 137
56931
57261 138
57339
59698 145
59802
60799 148
60946
61276 149
61339
61674 150
61982
62312 151
62374
