1861 3
2287
3630 7
5152
11462 26
12877
13205 27
14044
25224 60
25272
25602 61
25651
25981 62
26029
26363 63
28157
28485 64
28555
28885 65
28948
29276 66
29324
29654 67
29777
32776 76
33148
33474 77
33533
33857 78
34249
34575 79
34631
34964 80
35093
38737 91
38804
40114 95
40544
43529 104
43588
44916 108
44975
45303 109
45779
49469 120
49663
49993 121
50074
51078 124
51182
54192 133
54253
54584 134
55338
56326 137
56567
56897 138
56975
59334 145
59438
60435 148
60582
60912 149
60975
61310 150
61618
61948 151
62010
