952 3
1364
2707 7
4286
8574 20
10109
10437 21
10479
10807 22
5301042
5301370 23
5307042
5307370 24
5307468
5307796 25
5307938
5308272 26
5309700
5312033 33
5312411
5312737 34
5312797
5313121 35
5313503
5313833 36
5313895
5314223 37
5314645
5314975 38
5315043
5315372 39
5315483
5319777 52
5320176
5322494 59
5322561
5323879 63
5324288
5327260 72
21201681
21203337 77
21204082
21206415 84
21206608
21206936 85
21207368
21207698 86
21207767
21210080 93
21213527
21215216 98
21215320
21216303 101
21216372
21217365 104
21217662
