2587 3
3013
4356 7
5906
12216 26
13659
13987 27
14731
25911 60
25959
26289 61
26337
26667 62
26715
27049 63
28833
29161 64
29230
29560 65
29623
29951 66
29999
30329 67
30452
33451 76
33823
34149 77
34208
34532 78
34924
35250 79
35306
35639 80
35768
39412 91
39479
40789 95
41219
44204 104
44263
45591 108
45650
45978 109
46454
50144 120
50338
50668 121
50749
51753 124
51857
54867 133
54928
55259 134
56013
57001 137
57242
57572 138
57650
60009 145
60113
61110 148
61257
61587 149
61650
61985 150
62293
62623 151
62685
