1123 3
1513
2748 7
3903
6630 16
6670
8485 22
8581
9180 24
9198
10410 28
11577
11878 29
11893
12194 30
2899484
2899785 31
2904670
2904971 32
2905015
2905316 33
2905377
2905684 34
2906813
2909565 43
2909857
2910156 44
2910176
2910473 45
2910761
2911064 46
2911119
2911420 47
2911704
2912007 48
2912039
2912342 49
2912364
2912667 50
2912688
2915431 59
2915840
2918593 68
2918615
2918912 69
3487699
3487998 70
3488022
3488323 71
3489520
3492267 80
3492684
3495441 89
3495463
3495760 90
4070120
4070419 91
4070443
4070744 92
4071966
4074128 99
4074178
4075084 102
4075153
4076065 105
4076335
