1236 3
1648
2991 7
4575
8863 20
10708
11036 21
11078
11406 22
5306586
5306914 23
5312476
5312804 24
5312902
5313230 25
5313372
5313706 26
5315444
5317777 33
5318155
5318481 34
5318541
5318865 35
5319247
5319577 36
5319639
5319969 37
5320060
5320388 38
5320810
5321136 39
5321205
5321529 40
5321929
5322259 41
5322315
5322644 42
5322755
5327045 55
5327444
5329766 62
5329833
5331147 66
5331556
5334536 75
21248913
21250561 80
21251306
21252987 85
21253091
21255424 92
21255615
21255939 93
21256367
21256697 94
21256766
21259741 103
21263302
21265660 110
21265764
21266751 113
21266842
21267839 116
21268136
