1258 3
1675
3018 7
4595
7565 16
7632
9609 22
9732
10385 24
10430
11750 28
13265
13593 29
13635
13963 30
4723460
4723788 31
4729921
4730249 32
4730347
4730675 33
4730817
4731151 34
4732297
4735292 43
4735688
4736014 44
4736062
4736386 34
4736648 45
4737040
4737370 46
4737453
4737781 47
4738169
4738499 48
4738559
4738889 49
4738937
4739267 50
4739315
4742301 59
4742737
4745733 68
4745782
4746106 69
5271158
5271484 70
5271535
5271863 71
5273096
5276086 80
5276530
5279530 89
5279579
5279903 90
5783576
5783902 91
5783953
5784281 92
5785472
5787823 99
5787927
5788914 102
5788991
5789984 105
5790281
