1123 3
1513
2748 7
3922
6649 16
6689
8504 22
8600
9199 24
9217
10429 28
11520
11821 29
11836
12137 30
3122073
3122374 31
3127749
3128050 32
3128094
3128395 33
3128456
3128763 34
3129601
3132353 43
3132641
3132940 44
3132961
3133258 34
3133431 45
3133715
3134018 46
3134074
3134375 47
3134655
3134958 48
3134991
3135294 49
3135315
3135618 50
3135639
3138382 59
3138791
3141544 68
3141566
3141863 69
3493270
3493569 70
3493593
3493894 71
3494840
3497587 80
3498004
3500761 89
3500783
3501080 90
3856394
3856693 91
3856717
3857018 92
3857984
3860146 99
3860196
3861102 102
3861144
3862056 105
3862326
