1477 3
1867
3102 7
4260
6987 16
7027
8842 22
8938
9537 24
9555
10767 28
11871
12172 29
12187
12488 30
3180027
3180328 31
3185876
3186177 32
3186221
3186522 33
3186583
3186890 34
3187914
3190666 43
3190954
3191253 44
3191274
3191571 45
3191855
3192158 46
3192214
3192515 47
3192795
3193098 48
3193131
3193434 49
3193455
3193758 50
3193779
3196522 59
3196931
3199684 68
3199706
3200003 69
3598695
3598994 70
3599018
3599319 71
3600324
3603071 80
3603488
3606245 89
3606267
3606564 90
4009964
4010263 91
4010287
4010588 92
4011632
4013794 99
4013844
4014750 102
4014800
4015712 105
4015982
