1262 3
1679
3022 7
4617
7587 16
7654
9631 22
9754
10407 24
10452
11772 28
13308
13636 29
13678
14006 30
5304202
5304530 31
5310094
5310422 32
5310520
5310848 33
5310990
5311324 34
5312753
5315748 43
5316144
5316470 44
5316518
5316842 45
5317234
5317564 46
5317647
5317975 47
5318363
5318693 48
5318753
5319083 49
5319131
5319461 50
5319509
5322495 59
5322931
5325927 68
5325976
5326300 69
5920513
5920839 70
5920890
5921218 71
5922496
5925486 80
5925930
5928930 89
5928979
5929303 90
6528338
6528664 91
6528715
6529043 92
6530348
6532699 99
6532803
6533790 102
6533867
6534860 105
6535157
