1868 3
2291
3634 7
5183
11493 26
12935
13263 27
14007
25187 60
25235
25565 61
25613
25943 62
25991
26325 63
28066
28394 64
28463
28793 65
28856
29184 66
29232
29562 67
29685
32684 76
33058
33384 77
33444
33768 78
34160
34486 79
34542
34875 80
35001
38645 91
38712
40022 95
40445
43430 104
43489
44817 108
44870
45198 109
45659
49349 120
49544
49874 121
49955
50959 124
51063
54073 133
54134
54465 134
55219
56207 137
56446
56776 138
56855
59214 145
59318
60315 148
60461
60791 149
60855
61190 150
61498
61828 151
61890
