1646 3
2025
3368 7
4912
11222 26
12659
12987 27
17707
26807 54
26871
27202 55
27511
28497 58
28545
28875 59
28924
29254 60
29302
29636 61
31371
31699 62
31759
32087 63
32146
32474 64
32574
32904 65
32967
33295 66
33343
33673 67
33796
36795 76
37177
37503 77
37560
37884 78
38270
38596 79
38653
38983 80
39064
39392 81
39818
40148 82
40211
40544 83
40643
44945 96
45324
47638 103
47706
49032 107
49419
53101 118
53178
53837 120
54264
57260 129
15555700
15557356 134
15558276
15559977 139
15560081
15561078 142
15561254
15561582 143
15561980
15562310 144
15562379
15566063 155
15566124
15566455 156
15567209
15571664 169
15571768
15572770 172
15573069
