1639 3
2056
3399 7
4962
7932 16
7999
9976 22
10099
10752 24
10797
12117 28
13627
13955 29
13997
14325 30
5009167
5009495 31
5014752
5015080 32
5015178
5015506 33
5015648
5015982 34
5017123
5020118 43
5020514
5020840 44
5020888
5021212 34
5021474 45
5021866
5022196 46
5022279
5022607 47
5022995
5023325 48
5023385
5023715 49
5023763
5024093 50
5024141
5027127 59
5027563
5030559 68
5030608
5030932 69
5605009
5605335 70
5605386
5605714 71
5606947
5609937 80
5610381
5613381 89
5613430
5613754 90
6192997
6193323 91
6193374
6193702 92
6194959
6197310 99
6197414
6198401 102
6198478
6199471 105
6199768
