1449 3
1839
3074 7
4232
6959 16
6999
8814 22
8910
9509 24
9527
10739 28
11970
12271 29
12286
12587 30
2625730
2626031 31
2630479
2630780 32
2630824
2631125 33
2631186
2631493 34
2632644
2635396 43
2635688
2635987 44
2636007
2636304 45
2636592
2636895 46
2636946
2637247 47
2637531
2637834 48
2637866
2638169 49
2638191
2638494 50
2638515
2641258 59
2641667
2644420 68
2644444
2644741 69
2645799
2646098 70
2646120
2646421 71
3129333
3132080 80
3132497
3135254 89
3135278
3135575 90
3136667
3136966 91
3136988
3137289 92
3625613
3627775 99
3627825
3628731 102
3628801
3629713 105
3629963
