1262 3
1679
3022 7
4617
7587 16
7654
9631 22
9754
10407 24
10452
11772 28
13308
13636 29
13678
14006 30
5304170
5304498 31
5310027
5310355 32
5310453
5310781 33
5310923
5311257 34
5312686
5315681 43
5316077
5316403 44
5316451
5316775 45
5317167
5317497 46
5317580
5317908 47
5318296
5318626 48
5318686
5319016 49
5319064
5319394 50
5319442
5322428 59
5322864
5325860 68
5325909
5326233 69
5899251
5899577 70
5899628
5899956 71
5901189
5904179 80
5904623
5907623 89
5907672
5907996 90
6485630
6485956 91
6486007
6486335 92
6487581
6489932 99
6490036
6491023 102
6491100
6492093 105
6492390
