1868 3
2291
3634 7
5147
11457 26
12863
13191 27
13944
25124 60
25172
25502 61
25550
25880 62
25928
26262 63
28053
28381 64
28450
28780 65
28843
29171 66
29219
29549 67
29672
32671 76
33043
33369 77
33428
33752 78
34144
34470 79
34526
34859 80
34985
38629 91
38696
40006 95
40429
43414 104
43473
44801 108
44860
45188 109
45656
49346 120
49540
49870 121
49951
50955 124
51059
54069 133
54130
54461 134
55215
56203 137
56444
56774 138
56852
59211 145
59315
60312 148
60459
60789 149
60852
61187 150
61495
61825 151
61887
