1262 3
1679
3022 7
4612
7582 16
7649
9626 22
9749
10402 24
10447
11767 28
13303
13631 29
13673
14001 30
5304165
5304493 31
5310162
5310490 32
5310588
5310916 33
5311058
5311392 34
5312821
5315816 43
5316212
5316538 44
5316586
5316910 45
5317302
5317632 46
5317715
5318043 47
5318431
5318761 48
5318821
5319151 49
5319199
5319529 50
5319577
5322563 59
5322999
5325995 68
5326044
5326368 69
5899084
5899410 70
5899461
5899789 71
5901022
5904012 80
5904456
5907456 89
5907505
5907829 90
6486102
6486428 91
6486479
6486807 92
6488051
6490402 99
6490506
6491493 102
6491570
6492563 105
6492860
