1658 3
2041
3384 7
4933
11243 26
12685
13013 27
17646
26746 54
26814
27145 55
27453
27779 56
27827
28157 57
28206
28536 58
28584
28918 59
30657
30985 60
31045
31373 61
31432
31760 62
31860
32190 63
32253
32581 64
32629
32959 65
33082
36741 76
37123
37449 77
37497
37826 78
37933
42227 91
42618
44951 98
45019
46329 102
46764
47764 105
47868
50870 114
51230
51560 115
51629
53962 122
54030
55369 126
55466
56125 128
56644
58319 133
58368
62053 144
62114
62445 145
63199
67684 158
67788
68790 161
69089
