1841 3
2263
3606 7
5133
11443 26
12863
13191 27
14026
23837 56
23885
24211 57
24260
24586 58
24634
24964 59
26815
27139 60
27199
27527 61
27586
27914 62
28014
28344 63
28407
28731 64
28779
29105 65
29228
32223 74
32599
32929 75
32989
33317 76
33697
34023 77
34084
34414 78
34504
34832 79
35252
35582 80
35650
35978 81
36374
36704 82
36761
37091 83
37138
37471 84
37592
41232 95
41299
42609 99
43028
46025 108
46084
47402 112
47828
51494 123
51571
52230 125
52657
55645 134
16027118
16028782 139
16029536
16031237 144
16031341
16032336 147
16032570
16032900 148
16032949
16036633 159
16036694
16037025 160
16037779
16038767 163
16039006
16039336 164
16039414
16041773 171
16041877
16042874 174
16043019
16043349 175
16043410
16043745 176
16044054
16044384 177
16044446
