1240 3
1652
2995 7
4574
8862 20
10382
10710 21
10752
11080 22
5291815
5292143 23
5297692
5298020 24
5298118
5298446 25
5298588
5298922 26
5300080
5302413 33
5302791
5303117 34
5303177
5303501 26
5303756 35
5304138
5304468 36
5304530
5304858 37
5305280
5305610 38
5305678
5306007 39
5306118
5310412 52
5310811
5313129 59
5313196
5314514 63
5314923
5317895 72
21152281
21153937 77
21154682
21157015 84
21157208
21157536 85
21157968
21158298 86
21158367
21160680 93
21164355
21166044 98
21166148
21167131 101
21167201
21168194 104
21168491
