1453 3
1843
3078 7
4236
6963 16
7003
8818 22
8914
9513 24
9531
10743 28
11826
12127 29
12142
12443 30
3052505
3052806 31
3057913
3058214 32
3058258
3058559 33
3058620
3058927 34
3059749
3062501 34
3062682 43
3062970
3063269 44
3063290
3063587 45
3063871
3064174 46
3064230
3064531 47
3064811
3065114 48
3065147
3065450 49
3065471
3065774 50
3065795
3068538 59
3068947
3071700 68
3071722
3072019 69
3421769
3422068 70
3422092
3422393 71
3423347
3426094 80
3426511
3429268 89
3429290
3429587 90
3783526
3783825 91
3783849
3784150 92
3785120
3787282 99
3787332
3788238 102
3788288
3789200 105
3789470
