1265 3
1682
3025 7
4580
8215 18
9663
9987 19
14800
21230 38
21297
23926 46
23974
24304 47
24352
24682 48
24730
25060 49
25119
25454 50
25762
26095 51
26218
26871 53
26916
28232 57
30007
30335 58
30404
30734 59
30797
31125 60
31173
31503 61
31626
35283 72
35675
36005 73
36052
36380 74
36768
37098 75
37180
37504 76
37888
38214 77
38273
38599 78
38646
38972 79
39020
42010 88
42430
45422 97
45471
45795 98
963825
964151 99
964202
964530 100
966071
969077 109
969505
972521 118
972570
972898 119
1898367
1898697 120
1898748
1899076 121
1900638
1902997 128
1903101
1904094 131
1904156
1904491 132
1904799
