2262 3
2681
4024 7
5587
11897 26
13353
13681 27
14430
24241 56
24289
24615 57
24663
24989 58
25037
25367 59
27104
27428 60
27488
27816 61
27875
28203 62
28303
28633 63
28696
29020 64
29068
29394 65
29517
32512 74
32884
33214 75
33273
33601 76
33977
34303 77
34362
34692 78
34780
35108 79
35524
35854 80
35920
36248 81
36640
36970 82
37026
37356 83
37403
37736 84
37854
41494 95
41561
42871 99
43283
46280 108
46339
47657 112
48075
51741 123
51818
52477 125
52904
55892 134
15999765
16001429 139
16002178
16003879 144
16003983
16004978 147
16005208
16005538 148
16005587
16009271 159
16009332
16009663 160
16010417
16011405 163
16011636
16011966 164
16012044
16014403 171
16014507
16015504 174
16015641
16015971 175
16016030
16016365 176
16016674
16017004 177
16017066
