2299 3
2725
4068 7
5618
11928 26
13371
13699 27
14538
25718 60
25766
26096 61
26144
26474 62
26522
26856 63
28643
28971 64
29040
29370 65
29433
29761 66
29809
30139 67
30262
33261 76
33633
33959 77
34018
34342 78
34734
35060 79
35116
35449 80
35578
39222 91
39289
40599 95
41029
44014 104
44073
45401 108
45460
45788 109
46264
49954 120
50148
50478 121
50559
51563 124
51667
54677 133
54738
55069 134
55823
56811 137
57052
57382 138
57460
59819 145
59923
60920 148
61067
61397 149
61460
61795 150
62103
62433 151
62495
