2263 3
2685
4028 7
5574
11884 26
13323
13651 27
14486
24297 56
24345
24671 57
24719
25045 58
25093
25423 59
27200
27524 60
27584
27912 61
27971
28299 62
28399
28729 63
28792
29116 64
29164
29490 65
29613
32608 74
32980
33310 75
33369
33697 76
34073
34399 77
34458
34788 78
34876
35204 79
35620
35950 80
36016
36344 81
36736
37066 82
37122
37452 83
37499
37832 84
37953
41593 95
41660
42970 99
43388
46385 108
46444
47762 112
48186
51852 123
51929
52588 125
53015
56003 134
16121853
16123517 139
16124269
16125970 144
16126074
16127069 147
16127299
16127629 148
16127678
16131362 159
16131423
16131754 160
16132508
16133496 163
16133727
16134057 164
16134135
16136494 171
16136598
16137595 174
16137732
16138062 175
16138121
16138456 176
16138765
16139095 177
16139157
