1942 3
2321
3664 7
5169
11479 26
12877
13205 27
17925
27025 54
27089
27420 55
27729
28715 58
28763
29093 59
29142
29472 60
29520
29854 61
31683
32011 62
32071
32399 63
32458
32786 64
32886
33216 65
33279
33607 66
33655
33985 67
34108
37107 76
37489
37815 77
37872
38196 78
38582
38908 79
38965
39295 80
39376
39704 81
40130
40460 82
40523
40856 83
40955
45257 96
45636
47950 103
48018
49344 107
49731
53413 118
53490
54149 120
54576
57572 129
15556012
15557668 134
15558588
15560289 139
15560393
15561390 142
15561566
15561894 143
15562292
15562622 144
15562691
15566375 155
15566436
15566767 156
15567521
15568509 159
15568746
15569076 160
15569154
15572176 169
15572263
15572922 171
17114957
17117987 180
17118091
17119088 183
17119231
17119561 184
17119625
17119960 185
17120269
