1841 3
2263
3606 7
5124
11434 26
12845
13173 27
14008
23819 56
23867
24193 57
24242
24568 58
24616
24946 59
26736
27060 60
27120
27448 61
27507
27835 62
27935
28265 63
28328
28652 64
28700
29026 65
29149
32144 74
32516
32846 75
32905
33233 76
33609
33935 77
33994
34324 78
34412
34740 79
35156
35486 80
35552
35880 81
36272
36602 82
36658
36988 83
37035
37368 84
37489
41129 95
41196
42506 99
42924
45921 108
45980
47298 112
47722
51388 123
51465
52124 125
52551
55539 134
16026836
16028500 139
16029252
16030953 144
16031057
16032052 147
16032282
16032612 148
16032661
16036345 159
16036406
16036737 160
16037491
16038479 163
16038710
16039040 164
16039118
16041477 171
16041581
16042578 174
16042715
16043045 175
16043104
16043439 176
16043748
16044078 177
16044140
