1258 3
1675
3018 7
4595
7565 16
7632
9609 22
9732
10385 24
10430
11750 28
13279
13607 29
13649
13977 30
4624571
4624899 31
4633249
4633577 32
4633675
4634003 33
4634145
4634479 34
4635901
4638896 43
4639292
4639618 44
4639666
4639990 45
4640382
4640712 46
4640795
4641123 47
4641511
4641841 48
4641901
4642231 49
4642279
4642609 50
4642657
4645643 59
4646079
4649075 68
4649124
4649448 69
5126312
5126638 70
5126689
5127017 71
5128174
5131164 80
5131608
5134608 89
5134657
5134981 90
5625911
5626237 91
5626288
5626616 92
5627792
5630143 99
5630247
5631234 102
5631311
5632304 105
5632601
