1123 3
1513
2748 7
3906
6633 16
6673
8488 22
8584
9183 24
9201
10413 28
11487
11788 29
11803
12104 30
2895535
2895836 31
2901244
2901545 32
2901589
2901890 33
2901951
2902258 34
2903071
2905823 43
2906111
2906410 44
2906431
2906728 45
2907012
2907315 46
2907371
2907672 34
2907853 47
2908133
2908436 48
2908469
2908772 49
2908793
2909096 50
2909117
2911860 59
2912286
2915039 68
2915061
2915358 69
3221169
3221468 70
3221492
3221793 71
3222739
3225486 80
3225920
3228677 89
3228699
3228996 90
3527566
3527865 91
3527889
3528190 92
3529156
3531318 99
3531368
3532274 102
3532324
3533236 105
3533506
