1123 3
1513
2748 7
3906
6633 16
6673
8488 22
8584
9183 24
9201
10413 28
11495
11796 29
11811
12112 30
2799901
2800202 31
2806004
2806305 32
2806349
2806650 33
2806711
2807018 34
2808020
2810772 43
2811060
2811359 44
2811380
2811677 45
2811961
2812264 46
2812320
2812621 47
2812901
2813204 48
2813237
2813540 49
2813561
2813864 50
2813885
2816628 59
2817054
2819807 68
2819831
2820128 69
2821005
2821304 70
2821326
2821627 71
3080708
3083455 80
3083889
3086646 89
3086670
3086967 90
3087868
3088167 91
3088189
3088490 92
3348773
3350935 99
3350985
3351891 102
3351941
3352853 105
3353103
