1845 3
2267
3610 7
5169
11479 26
12931
13259 27
14003
23814 56
23862
24188 57
24237
24563 58
24611
24941 59
26698
27022 60
27082
27410 61
27469
27797 62
27897
28227 63
28290
28614 64
28662
28988 65
29111
32106 74
32478
32808 75
32867
33195 76
33571
33897 77
33956
34286 78
34374
34702 79
35118
35448 80
35514
35842 81
36234
36564 82
36620
36950 83
36997
37330 84
37451
41091 95
41158
42468 99
42886
45883 108
45942
47260 112
47684
51350 123
51427
52086 125
52513
55501 134
15972748
15974412 139
15975164
15976865 144
15976969
15977964 147
15978194
15978524 148
15978573
15982257 159
15982318
15982649 160
15983403
15984391 163
15984622
15984952 164
15985030
15987389 171
15987493
15988490 174
15988627
15988957 175
15989016
15989351 176
15989660
15989990 177
15990052
