2589 3
3012
4355 7
5919
12229 26
12673
13001 26
14014 27
14767
25947 60
25995
26325 61
26373
26703 62
26751
27085 63
28826
29154 64
29223
29553 65
29616
29944 66
29992
30322 67
30445
33444 76
33816
34142 77
34201
34525 78
34917
35243 79
35299
35632 80
35758
39402 91
39469
40779 95
41202
44187 104
44246
45574 108
45633
45961 109
46429
50119 120
50313
50643 121
50724
51728 124
51832
54842 133
54903
55234 134
55988
56976 137
57217
57547 138
57625
59984 145
60088
61085 148
61232
61562 149
61625
61960 150
62268
62598 151
62660
