1123 3
1513
2748 7
4074
6801 16
6841
8656 22
8752
9351 24
9369
10581 28
11664
11965 29
11980
12281 30
3186289
3186590 31
3192047
3192348 32
3192392
3192693 33
3192754
3193061 34
3194064
3196816 43
3197104
3197403 44
3197424
3197721 45
3198005
3198308 46
3198364
3198665 47
3198945
3199248 48
3199281
3199584 49
3199605
3199908 50
3199929
3202672 59
3203081
3205834 68
3205856
3206153 69
3604806
3605105 70
3605129
3605430 71
3606439
3609186 80
3609603
3612360 89
3612382
3612679 90
4016129
4016428 91
4016452
4016753 92
4017797
4019959 99
4020009
4020915 102
4020965
4021877 105
4022147
