1868 3
2291
3634 7
5191
11501 26
12951
13279 27
14032
25212 60
25260
25590 61
25638
25968 62
26016
26350 63
28098
28426 64
28495
28825 65
28888
29216 66
29264
29594 67
29717
32716 76
33090
33416 77
33476
33800 78
34196
34522 79
34579
34912 80
35038
38682 91
38749
40059 95
40483
43468 104
43527
44855 108
44908
45236 109
45697
49387 120
49582
49912 121
49993
50997 124
51101
54111 133
54172
54503 134
55257
56245 137
56484
56814 138
56893
59252 145
59356
60353 148
60499
60829 149
60893
61228 150
61536
61866 151
61928
