1273 3
1691
3034 7
4625
7595 16
7662
9639 22
9763
10416 24
10461
11781 28
13304
13632 29
13674
14002 30
5004220
5004548 31
5010410
5010738 32
5010836
5011164 33
5011306
5011640 34
5012794
5015789 43
5016229
5016555 44
5016606
5016930 34
5017192 45
5017628
5017958 46
5018030
5018358 47
5018790
5019120 48
5019183
5022172 57
5022229
5022553 58
5022994
5023320 59
5023369
5023693 60
5571067
5571397 61
5571448
5571776 62
5573007
5575996 71
5576053
5576377 72
5577418
5579765 79
5579869
5580200 80
5580499
