1245 3
1666
3009 7
4819
8454 18
9935
10259 19
14987
24075 46
24151
24482 47
24790
26442 52
27964
28292 53
28334
28662 54
5038123
5038451 55
5044308
5044636 56
5044734
5045062 57
5045204
5045538 58
5046853
5049186 65
5049584
5049910 66
5049958
5050287 67
5050411
5054705 58
5054805 80
5055230
5057567 87
5057634
5058944 91
5059421
5060421 94
5060525
5063531 103
5063891
5064221 104
5064290
5066631 111
5066698
5068033 115
5068130
5068789 117
5069350
5071025 122
5071074
5073419 129
5077423
5079120 134
5079340 129
5079514 134
5080582
5082279 139
5082383
5083378 142
5083448
5084445 145
5084742
