1123 3
1513
2748 7
3906
6633 16
6673
8488 22
8584
9183 24
9201
10413 28
11496
11797 29
11812
12113 30
2799590
2799891 31
2804750
2805051 32
2805095
2805396 33
2805457
2805764 34
2806586
2809338 43
2809626
2809925 44
2809946
2810243 34
2810424 45
2810708
2811011 46
2811067
2811368 47
2811648
2811951 48
2811984
2812287 49
2812308
2812611 50
2812632
2815375 59
2815801
2818554 68
2818578
2818875 69
2819752
2820051 70
2820073
2820374 71
3078263
3081010 80
3081444
3084201 89
3084225
3084522 90
3085427
3085726 91
3085748
3086049 92
3345271
3347433 99
3347483
3348389 102
3348439
3349351 105
3349601
