1477 3
1867
3102 7
4260
6987 16
7027
8842 22
8938
9537 24
9555
10767 28
11866
12167 29
12182
12483 30
3182062
3182363 31
3187695
3187996 32
3188040
3188341 33
3188402
3188709 34
3189608
3192360 43
3192648
3192947 44
3192968
3193265 34
3193385 45
3193669
3193972 46
3194028
3194329 47
3194609
3194912 48
3194945
3195248 49
3195269
3195572 50
3195593
3198336 59
3198745
3201498 68
3201520
3201817 69
3600531
3600830 70
3600854
3601155 71
3602175
3604922 80
3605339
3608096 89
3608118
3608415 90
4011913
4012212 91
4012236
4012537 92
4013568
4015730 99
4015780
4016686 102
4016736
4017648 105
4017918
