1443 3
1833
3068 7
4226
6953 16
6993
8808 22
8904
9503 24
9521
10733 28
11957
12258 29
12273
12574 30
3064731
3065032 31
3070187
3070488 32
3070532
3070833 33
3070894
3071201 34
3072225
3074977 43
3075265
3075564 44
3075585
3075882 45
3076166
3076469 46
3076525 34
3076645
3076946 47
3077226
3077529 48
3077562
3077865 49
3077886
3078189 50
3078210
3080953 59
3081346
3084099 68
3084121
3084418 69
3712859
3713158 70
3713182
3713483 71
3714689
3717436 80
3717837
3720594 89
3720616
3720913 90
4356078
4356377 91
4356401
4356702 92
4357930
4360092 99
4360142
4361048 102
4361114
4362026 105
4362296
