2546 3
2968
4311 7
5829
12139 26
13550
13878 27
14713
24524 56
24572
24898 57
24946
25272 58
25320
25650 59
27410
27734 60
27794
28122 61
28181
28509 62
28609
28939 63
29002
29326 64
29374
29700 65
29823
32818 74
33190
33520 75
33579
33907 76
34283
34609 77
34668
34998 78
35086
35414 79
35830
36160 80
36226
36554 81
36946
37276 82
37332
37662 83
37709
38042 84
38163
41803 95
41870
43180 99
43598
46595 108
46654
47972 112
48396
52062 123
52139
52798 125
53225
56213 134
16108522
16110186 139
16110938
16112639 144
16112743
16113738 147
16113968
16114298 148
16114347
16118031 159
16118092
16118423 160
16119177
16120165 163
16120396
16120726 164
16120804
16123163 171
16123267
16124264 174
16124401
16124731 175
16124790
16125125 176
16125434
16125764 177
16125826
