1848 3
2267
3610 7
5156
11466 26
12905
13233 27
13977
23788 56
23836
24162 57
24210
24536 58
24584
24914 59
26701
27025 60
27085
27413 61
27472
27800 62
27900
28230 63
28293
28617 64
28665
28991 65
29114
32109 74
32481
32811 75
32870
33198 76
33574
33900 77
33959
34289 78
34377
34705 79
35121
35451 80
35517
35845 81
36237
36567 82
36623
36953 83
37000
37333 84
37451
41091 95
41158
42468 99
42879
45876 108
45935
47253 112
47669
51335 123
51412
52071 125
52498
55486 134
15999359
16001023 139
16001772
16003473 144
16003577
16004572 147
16004802
16005132 148
16005181
16008865 159
16008926
16009257 160
16010011
16010999 163
16011230
16011560 164
16011638
16013997 171
16014101
16015098 174
16015235
16015565 175
16015624
16015959 176
16016268
16016598 177
16016660
