1258 3
1675
3018 7
4608
7578 16
7645
9622 22
9745
10398 24
10443
11763 28
13317
13645 29
13687
14015 30
4606807
4607135 31
4612676
4613004 32
4613102
4613430 33
4613572
4613906 34
4615353
4618348 43
4618744
4619070 44
4619118
4619442 45
4619834
4620164 46
4620247
4620575 47
4620963
4621293 48
4621353
4621683 49
4621731
4622061 50
4622109
4625095 59
4625531
4628527 68
4628576
4628900 69
5106117
5106443 70
5106494
5106822 71
5107989
5110979 80
5111423
5114423 89
5114472
5114796 90
5590311
5590637 91
5590688
5591016 92
5592195
5594546 99
5594650
5595637 102
5595714
5596707 105
5597004
