1265 3
1682
3025 7
4574
8209 18
9651
9975 19
14829
21259 38
21326
23955 46
24003
24333 47
24381
24711 48
24759
25089 49
25149
25484 50
25792
26125 51
26248
26901 53
26946
28262 57
30037
30365 58
30434
30764 59
30827
31155 60
31203
31533 61
31656
35313 72
35709
36039 73
36087
36415 74
36807
37137 75
37220
37544 76
37932
38258 77
38318
38644 78
38692
39018 79
39066
42056 88
42477
45469 97
45518
45842 98
967068
967394 99
967445
967773 100
969336
972342 109
972771
975787 118
975836
976164 119
1904754
1905084 120
1905135
1905463 121
1907326
1909685 128
1909789
1910782 131
1910845
1911180 132
1911488
