1639 3
2056
3399 7
4962
7932 16
7999
9976 22
10099
10752 24
10797
12117 28
13632
13960 29
14002
14330 30
5009172
5009500 31
5014797
5015125 32
5015223
5015551 33
5015693
5016027 34
5017173
5020168 43
5020564
5020890 44
5020938
5021262 45
5021654
5021984 46
5022067
5022395 34
5022657 47
5023045
5023375 48
5023435
5023765 49
5023813
5024143 50
5024191
5030037 67
5030481
5033481 76
5033530
5033854 77
5611868
5612194 78
5612245
5612569 79
5613826
5616181 86
5616285
5617268 89
5617345
5618338 92
5618635
