1872 3
2298
3641 7
5191
11501 26
12944
13272 27
14111
25291 60
25339
25669 61
25740
26070 62
26118
26452 63
28395
28723 64
28815
29145 65
29208
29536 66
29584
29914 67
30037
33036 76
33410
33736 77
33796
34120 78
34512
34838 79
34894
35227 80
35356
39000 91
39067
40377 95
40807
43792 104
43851
45179 108
45232
45560 109
46029
49719 120
49914
50244 121
50325
51329 124
51433
54443 133
54504
54835 134
55589
56577 137
56816
57146 138
57225
59584 145
59688
60685 148
60831
61161 149
61225
61560 150
61868
62198 151
62260
