2263 3
2685
4028 7
5574
11884 26
13323
13651 27
14486
24297 56
24345
24671 57
24719
25045 58
25093
25423 59
27203
27527 60
27587
27915 61
27974
28302 62
28402
28732 63
28795
29119 64
29167
29493 65
29616
32611 74
32983
33313 75
33372
33700 76
34076
34402 77
34461
34791 78
34879
35207 79
35623
35953 80
36019
36347 81
36739
37069 82
37125
37455 83
37502
37835 84
37956
41596 95
41663
42973 99
43391
46388 108
46447
47765 112
48189
51855 123
51932
52591 125
53018
56006 134
16121856
16123520 139
16124272
16125973 144
16126077
16127072 147
16127302
16127632 148
16127681
16131365 159
16131426
16131757 160
16132511
16133499 163
16133730
16134060 164
16134138
16136497 171
16136601
16137598 174
16137735
16138065 175
16138124
16138459 176
16138768
16139098 177
16139160
