1861 3
2287
3630 7
5161
11471 26
12895
13223 27
14062
25242 60
25290
25620 61
25669
25999 62
26047
26381 63
28236
28564 64
28634
28964 65
29027
29355 66
29403
29733 67
29856
32855 76
33229
33555 77
33615
33939 78
34331
34657 79
34713
35046 80
35175
38819 91
38886
40196 95
40626
43611 104
43670
44998 108
45051
45379 109
45848
49538 120
49733
50063 121
50144
51148 124
51252
54262 133
54323
54654 134
55408
56396 137
56635
56965 138
57044
59403 145
59507
60504 148
60650
60980 149
61044
61379 150
61687
62017 151
62079
