1262 3
1679
3022 7
4612
7582 16
7649
9626 22
9749
10402 24
10447
11767 28
13342
13670 29
13712
14040 30
4910076
4910404 31
4916108
4916436 32
4916534
4916862 33
4917004
4917338 34
4918632
4921627 43
4922023
4922349 44
4922397
4922721 34
4922895 45
4923287
4923617 46
4923700
4924028 47
4924416
4924746 48
4924806
4925136 49
4925184
4925514 50
4925562
4928548 59
4928984
4931980 68
4932029
4932353 69
5471341
5471667 70
5471718
5472046 71
5473279
5476269 80
5476713
5479713 89
5479762
5480086 90
6022757
6023083 91
6023134
6023462 92
6024702
6027053 99
6027157
6028144 102
6028221
6029214 105
6029511
