1646 3
2025
3368 7
4899
11209 26
12633
12961 27
17681
26781 54
26845
27176 55
27485
28471 58
28519
28849 59
28898
29228 60
29276
29610 61
31345
31673 62
31733
32061 63
32120
32448 64
32548
32878 65
32941
33269 66
33317
33647 67
33770
36769 76
37151
37477 77
37534
37858 78
38244
38570 79
38627
38957 80
39043
39371 81
39797
40127 82
40190
40523 83
40622
44924 96
45303
47617 103
47685
49011 107
49398
53080 118
53157
53816 120
54243
57239 129
15555676
15557332 134
15559677
15561378 139
15561626
15566219 152
15566323
