2990 3
3369
4712 7
6217
12527 26
13925
14253 27
18973
28073 54
28137
28468 55
28777
29763 58
29811
30141 59
30190
30520 60
30568
30902 61
32670
32998 62
33058
33386 63
33445
33773 64
33873
34203 65
34266
34594 66
34642
34972 67
35095
38094 76
38476
38802 77
38859
39183 78
39569
39895 79
39952
40282 80
40363
40691 81
41117
41447 82
41510
41843 83
41942
46244 96
46623
48937 103
49005
50331 107
50718
54400 118
54477
55136 120
55563
58559 129
15556999
15558655 134
15559575
15561276 139
15561380
15562377 142
15562553
15562881 143
15563279
15563609 144
15563678
15567362 155
15567423
15567754 156
15568508
15569496 159
15569733
15570063 160
15570141
15573163 169
15573250
15573909 171
17115560
17118590 180
17118694
17119691 183
17119834
17120164 184
17120228
17120563 185
17120872
