3283 3
3702
5045 7
6608
12918 26
14107
14435 26
14702 27
15446
25257 56
25305
25631 57
25679
26005 58
26053
26383 59
28120
28444 60
28504
28832 61
28891
29219 62
29319
29649 63
29712
30036 64
30084
30410 65
30533
33528 74
33900
34230 75
34289
34617 76
34993
35319 77
35378
35708 78
35796
36124 79
36540
36870 80
36936
37264 81
37656
37986 82
38042
38372 83
38419
38752 84
38870
42510 95
42577
43887 99
44299
47296 108
47355
48673 112
49091
52757 123
52834
53493 125
53920
56908 134
16000781
16002445 139
16003194
16004895 144
16004999
16005994 147
16006224
16006554 148
16006603
16010287 159
16010348
16010679 160
16011433
16012421 163
16012652
16012982 164
16013060
16015419 171
16015523
16016520 174
16016657
16016987 175
16017046
16017381 176
16017690
16018020 177
16018082
