1258 3
1675
3018 7
4565
8200 18
9640
9964 19
14824
21254 38
21321
23950 46
23998
24328 47
24384
24714 48
24762
25095 49
25218
25875 51
25920
27240 55
29061
29389 56
29466
29796 57
29859
30187 58
30235
30565 59
30688
34345 70
34741
35071 71
35119
35447 72
35839
36169 73
36252
36580 74
36968
37298 75
37358
37684 76
37732
38058 77
38106
41104 86
41541
44525 95
44574
44902 96
700914
701244 97
701295
701619 98
702906
705904 107
706349
709357 116
709406
709734 117
1386806
1387136 118
1387187
1387515 119
1388826
1391185 126
1391289
1392286 129
1392347
1392682 130
1392990
