1841 3
2263
3606 7
5152
11462 26
12901
13229 27
14064
23875 56
23923
24249 57
24322
24648 58
24696
25026 59
26987
27311 60
27371
27699 61
27758
28086 62
28186
28516 63
28579
28903 64
28951
29277 65
29400
32395 74
32769
33099 75
33159
33487 76
33865
34191 77
34251
34581 78
34670
34998 79
35416
35746 80
35813
36141 81
36533
36863 82
36919
37249 83
37296
37629 84
37750
41390 95
41457
42767 99
43185
46182 108
46241
47559 112
47984
51650 123
51727
52386 125
52813
55801 134
16121745
16123409 139
16124162
16125863 144
16125967
16126962 147
16127194
16127524 148
16127573
16131257 159
16131318
16131649 160
16132403
16133391 163
16133626
16133956 164
16134035
16136394 171
16136498
16137495 174
16137637
16137967 175
16138027
16138362 176
16138671
16139001 177
16139063
