1848 3
2267
3610 7
5156
11466 26
12905
13233 27
13982
23793 56
23841
24167 57
24215
24541 58
24589
24919 59
26706
27030 60
27090
27418 61
27477
27805 62
27905
28235 63
28298
28622 64
28670
28996 65
29119
32114 74
32488
32818 75
32878
33206 76
33584
33910 77
33970
34300 78
34389
34717 79
35135
35465 80
35532
35860 81
36268
36598 82
36658
36988 83
37035
37368 84
37486
41126 95
41193
42503 99
42918
45915 108
45974
47292 112
47709
51375 123
51452
52111 125
52538
55526 134
15999493
16001157 139
16001907
16003608 144
16003712
16004707 147
16004939
16005269 148
16005318
16009002 159
16009063
16009394 160
16010148
16011136 163
16011371
16011701 164
16011780
16014139 171
16014243
16015240 174
16015382
16015712 175
16015772
16016107 176
16016416
16016746 177
16016808
