2294 3
2720
4063 7
5812
12122 26
13555
13883 27
14211
25391 60
25439
25769 61
25817
26147 62
26195
26529 63
28273
28601 64
28670
29000 65
29063
29391 66
29439
29769 67
29892
32891 76
33263
33589 77
33648
33972 78
34364
34690 79
34746
35079 80
35208
38852 91
38919
40229 95
40659
43644 104
43703
45031 108
45090
45418 109
45894
49584 120
49778
50108 121
50189
51193 124
51297
54307 133
54368
54699 134
55453
56441 137
56682
57012 138
57090
59449 145
59553
60550 148
60697
61027 149
61090
61425 150
61733
62063 151
62125
