1271 3
1689
3032 7
4845
7815 16
7882
9859 22
9983
10636 24
10681
12001 28
13577
13905 29
13947
14275 30
4910311
4910639 31
4916552
4916880 32
4916978
4917306 33
4917448
4917782 34
4918989
4921984 34
4922246 43
4922686
4923012 44
4923063
4923387 45
4923823
4924153 46
4924225
4924553 47
4924985
4925315 48
4925378
4928367 57
4928424
4928748 58
4929189
4929515 59
4929564
4929888 60
5460652
5460982 61
5461033
5461361 62
5462608
5465597 71
5465654
5465978 72
5466427
5466757 73
5466806
5467134 74
6003008
6003334 75
6003385
6003709 76
6004967
6007318 83
6007422
6008413 86
6008490
6009475 89
6009772
