1251 3
1663
3006 7
4585
8873 20
10776
11104 21
11146
11474 22
4925582
4925910 23
4931775
4932103 24
4932201
4932529 25
4932671
4933005 26
4934801
4937134 33
4937512
4937838 34
4937898
4938222 35
4938604
4938934 36
4938996
4939326 37
4939417
4939745 38
4940167
4940493 39
4940562
4940886 40
4941286
4941616 41
4941672
4942001 42
4942112
4946402 55
4946801
4949123 62
4949190
4950504 66
4950913
4953893 75
20788223
20789871 80
20790616
20792297 85
20792401
20794734 92
20794925
20795249 93
20795677
20796007 94
20796076
20799051 103
20802498
20804856 110
20804960
20805947 113
20806037
20807034 116
20807331
